3000
3 1 110
9 8 179
13 2 123
8 1 163
13 14 121
2 8 134
2 10 123
14 9 110
10 7 175
8 10 99
9 13 105
7 5 104
6 2 81
7 4 87
2 7 153
11 2 103
4 1 70
4 3 62
13 14 75
6 8 82
7 3 44
7 14 162
10 8 75
4 6 183
6 5 137
13 9 93
7 13 45
11 3 94
5 6 128
8 4 78
3 14 190
11 3 98
1 5 152
8 7 86
11 9 160
2 8 95
3 10 109
4 1 125
14 13 103
10 12 196
7 9 150
10 11 100
2 1 197
9 14 69
5 14 102
3 6 100
7 2 138
9 12 77
8 1 119
4 12 196
8 4 160
14 9 136
2 4 178
10 11 77
12 6 199
5 8 49
8 12 178
5 7 161
2 4 124
10 5 86
13 9 81
12 9 192
9 4 173
7 6 173
3 5 61
8 3 63
13 8 45
12 7 101
6 8 154
5 10 196
9 6 89
11 14 70
3 14 169
11 7 170
2 9 186
7 11 46
11 8 69
8 14 177
10 6 190
4 6 153
11 14 194
14 2 48
9 8 185
7 8 154
12 2 117
6 10 67
3 5 181
6 3 195
12 9 100
11 7 171
7 5 136
10 6 158
8 5 51
2 7 41
9 1 44
7 2 41
5 11 110
1 2 135
12 13 195
4 8 162
7 9 187
11 9 109
6 3 141
5 12 200
2 4 43
2 6 182
6 3 110
2 7 177
10 14 85
10 13 138
3 11 95
3 12 140
12 1 193
11 12 65
9 14 174
9 12 45
6 1 160
3 9 80
6 9 66
2 5 163
11 10 172
5 8 92
12 8 82
4 7 101
14 11 197
8 1 161
13 14 189
1 8 73
5 2 160
8 5 174
14 13 97
5 9 168
2 12 44
11 6 159
4 2 76
5 13 48
3 12 66
14 5 47
6 5 76
10 14 110
1 9 168
14 11 173
12 5 75
9 12 86
13 9 199
12 10 80
6 9 168
12 5 109
10 11 162
7 14 132
4 9 134
2 8 123
13 7 165
9 4 111
3 5 117
12 14 65
10 6 196
10 13 104
14 8 190
7 9 182
6 14 104
13 14 145
1 9 131
11 10 124
14 8 44
8 1 183
4 2 90
10 1 84
13 7 161
11 2 197
1 7 92
4 9 137
7 1 122
2 7 112
12 10 180
4 7 194
7 5 49
8 3 108
11 6 191
12 9 126
11 2 181
5 3 189
9 10 179
12 8 151
8 10 193
2 1 141
10 5 192
14 2 73
13 11 87
12 11 83
5 12 172
9 5 152
7 4 148
13 11 81
2 3 63
2 12 156
7 10 183
4 14 45
14 6 89
13 2 93
7 9 133
1 8 45
5 12 79
14 1 48
10 9 58
9 1 51
12 2 78
2 13 152
10 8 92
2 3 43
14 2 115
5 11 129
4 11 184
6 14 81
14 4 80
1 5 135
9 12 120
12 4 136
8 12 188
4 10 187
14 3 57
6 5 151
6 5 89
9 4 64
4 8 180
13 2 174
13 2 121
3 9 137
8 14 118
6 1 87
5 2 122
11 8 169
3 2 172
1 13 122
9 11 177
2 11 93
6 12 68
13 1 150
7 6 197
7 3 92
13 4 90
10 3 180
7 1 161
4 10 129
8 13 107
7 4 189
4 7 153
3 12 134
4 8 109
1 12 149
13 3 137
3 1 164
6 1 134
11 8 80
11 13 51
11 10 165
6 9 177
8 5 153
8 13 175
14 12 40
2 4 43
5 8 189
5 13 94
8 12 101
9 7 116
2 4 111
13 7 110
7 13 115
7 4 53
13 4 178
13 14 62
14 10 184
1 9 77
11 9 134
4 7 41
14 2 45
4 1 171
13 2 96
9 10 144
2 11 78
13 2 196
12 1 127
5 12 136
12 1 85
7 14 160
5 4 182
12 2 178
13 8 59
10 12 45
14 5 142
4 12 156
9 6 54
7 4 94
3 6 152
10 7 109
3 9 83
14 11 149
11 9 192
4 14 164
10 6 101
6 1 116
14 8 176
7 12 199
13 11 131
12 14 144
7 13 42
7 8 49
13 2 110
14 9 80
8 12 174
3 8 180
12 13 75
7 12 115
8 2 61
9 4 179
7 11 94
8 13 165
4 6 179
4 9 117
14 12 154
13 1 94
12 8 98
8 5 51
1 6 59
13 5 59
13 5 46
2 11 113
10 8 141
10 13 115
1 10 89
10 8 155
7 14 102
4 10 175
4 11 134
8 7 144
5 2 172
11 3 57
13 14 179
8 14 122
1 14 188
7 5 156
6 13 127
7 5 193
8 14 113
3 12 156
12 8 128
9 2 48
9 4 105
8 2 67
6 7 65
1 2 193
1 7 178
12 9 40
13 10 100
4 8 198
4 10 97
2 4 170
8 12 158
7 5 117
3 13 143
8 14 166
7 4 131
5 13 182
13 3 123
13 10 102
12 9 53
1 8 59
12 4 182
6 4 80
1 10 139
14 6 81
12 7 54
3 8 97
11 8 167
10 1 168
14 2 186
9 5 52
3 6 140
8 14 76
10 1 160
12 6 91
11 6 55
9 2 59
7 1 48
13 7 130
1 13 86
9 7 99
14 9 85
7 1 181
3 8 48
7 8 131
6 2 113
11 1 193
14 8 78
11 14 97
2 9 109
4 2 112
2 7 145
5 6 182
4 11 86
1 6 110
5 4 190
6 7 130
4 14 69
1 5 160
3 14 127
9 13 184
7 5 48
2 5 103
1 12 86
7 11 72
14 9 89
13 3 40
13 2 46
9 8 41
14 13 58
4 8 138
12 11 96
10 14 66
13 7 177
3 4 48
11 8 44
8 5 67
9 11 64
3 12 94
1 12 120
13 11 147
8 14 135
14 13 74
7 1 116
4 6 109
12 7 101
11 14 122
7 12 102
14 8 109
5 2 100
5 12 125
11 2 140
5 9 179
10 13 72
7 13 120
8 9 106
10 8 101
6 4 72
6 1 100
3 13 91
3 11 51
3 5 150
8 11 189
11 6 78
4 12 146
12 7 89
14 11 173
9 11 119
1 14 55
6 2 156
11 8 170
14 13 121
7 12 91
4 2 160
13 5 169
7 12 193
10 4 104
12 14 144
14 10 131
9 6 105
7 8 186
5 9 118
9 13 49
2 8 126
4 9 113
10 5 95
14 5 65
11 10 152
6 13 91
5 2 102
14 13 53
4 5 198
11 12 66
2 11 157
2 7 121
13 10 169
14 1 127
7 10 73
5 13 61
14 3 64
2 7 147
12 10 116
14 8 89
4 7 139
2 4 158
12 14 104
8 11 91
4 14 117
4 2 49
11 3 184
10 14 45
7 9 53
1 8 154
9 3 143
2 6 82
9 8 106
13 4 139
14 13 101
12 2 65
12 9 134
9 1 170
7 4 81
4 1 67
3 9 172
12 10 178
3 14 55
4 5 71
14 6 134
11 6 178
11 4 168
8 9 153
11 13 48
13 6 106
11 14 77
6 8 131
7 6 200
10 14 148
8 1 182
5 14 114
2 9 64
9 5 98
13 5 194
3 11 139
9 10 159
4 1 116
4 8 79
10 13 178
6 13 81
9 3 173
8 4 46
6 9 198
11 13 116
12 7 58
9 2 186
1 14 150
8 11 47
10 7 133
3 6 188
6 5 53
12 13 156
5 10 181
2 7 60
13 3 59
5 6 167
10 6 143
9 10 136
6 3 168
5 11 78
12 6 101
7 8 151
8 9 131
13 3 68
11 3 198
3 13 186
8 3 122
3 7 126
9 1 91
5 9 98
13 9 146
11 12 123
6 12 67
14 12 75
1 6 105
2 6 138
4 5 82
3 1 112
13 8 187
9 2 189
13 6 137
13 9 56
6 2 74
4 10 161
8 9 198
9 13 131
14 7 136
10 3 53
13 8 114
11 10 145
7 8 100
5 11 101
7 11 190
13 4 180
7 1 170
3 10 74
11 8 186
7 9 130
2 5 40
11 2 96
7 12 141
9 11 178
3 9 66
2 5 133
12 8 76
3 10 142
3 14 42
1 14 87
13 3 146
14 2 68
1 7 176
1 8 178
12 13 160
8 3 173
3 13 102
4 13 159
10 14 68
9 12 177
2 6 173
12 10 44
13 7 174
11 13 174
3 8 103
14 9 192
7 11 159
1 2 168
1 8 155
4 12 62
13 1 100
8 2 46
14 6 143
3 1 115
14 6 193
9 8 153
11 13 41
11 14 76
9 2 83
12 2 115
13 5 178
13 3 162
9 8 100
12 3 118
3 7 174
11 10 45
14 2 159
9 7 131
2 5 130
14 2 146
7 5 116
14 2 168
13 2 87
8 11 85
5 7 158
6 13 195
2 9 101
5 10 126
10 1 69
13 12 59
2 9 192
14 5 73
14 9 50
3 4 48
12 6 173
9 6 97
5 8 114
8 12 55
9 3 138
9 12 120
3 1 161
5 2 100
12 10 194
2 10 117
13 7 164
4 10 61
6 11 145
5 13 113
7 14 75
1 5 163
9 7 41
9 10 95
10 13 48
10 11 199
6 10 100
5 2 148
13 11 107
3 4 180
5 4 110
13 8 141
1 9 47
7 1 50
8 6 98
3 5 94
7 2 182
12 10 198
4 9 157
12 3 59
3 8 122
5 1 171
7 4 169
12 7 196
2 4 171
7 14 195
9 13 119
5 8 50
3 14 170
14 3 194
2 5 184
1 9 169
1 4 56
6 13 107
1 4 78
10 1 138
4 10 91
8 3 182
12 11 169
10 5 125
1 8 109
9 14 134
7 8 68
14 8 117
2 13 40
10 8 117
9 13 149
2 8 57
10 3 165
13 5 49
2 14 42
1 4 41
8 4 71
6 1 137
5 11 175
8 7 94
14 9 69
9 5 83
3 10 48
5 2 184
6 3 109
11 6 193
14 5 86
3 2 123
6 4 52
9 6 147
5 10 72
10 3 111
14 8 140
13 3 105
10 13 118
5 8 102
10 12 57
11 4 45
14 4 131
1 8 173
1 4 146
10 1 155
1 6 155
14 13 179
8 6 60
13 4 175
6 4 64
5 14 120
1 9 132
10 13 185
3 12 49
5 11 56
11 8 80
9 1 49
7 10 177
1 5 143
5 7 171
8 5 106
5 7 99
8 10 119
7 1 106
11 12 163
2 6 119
1 14 156
3 10 101
6 3 168
1 10 149
12 5 44
12 10 166
12 1 105
7 13 85
1 3 174
12 5 148
11 7 191
6 2 195
2 11 121
11 12 80
7 3 136
2 13 128
3 4 112
5 11 181
6 9 143
7 5 133
6 1 189
6 4 166
8 10 54
14 2 176
1 8 144
10 11 132
4 12 108
12 4 104
7 2 159
7 1 197
13 6 182
13 6 140
13 3 40
4 9 89
13 14 102
3 9 152
8 13 82
12 7 64
10 8 86
11 4 106
11 2 185
7 11 149
10 2 192
8 10 197
11 12 165
7 1 92
7 9 167
8 13 184
13 1 170
4 12 96
1 14 149
14 10 187
13 5 51
2 11 112
3 8 142
7 13 58
10 5 193
3 8 181
11 13 175
3 1 41
9 13 158
7 4 157
11 12 159
9 7 54
10 4 196
5 6 78
10 3 124
7 13 74
13 10 122
2 14 97
6 1 127
4 1 175
5 11 196
11 10 147
8 6 147
2 7 128
6 11 124
2 4 112
10 14 190
14 3 196
4 1 88
2 5 61
1 10 53
3 10 120
12 14 40
1 2 57
4 5 80
6 9 166
12 11 173
1 9 152
2 9 170
2 11 185
1 4 157
6 8 193
2 10 57
4 9 171
7 11 187
3 8 166
11 7 133
2 5 187
4 11 164
13 12 92
5 14 85
11 7 145
5 2 167
9 3 52
12 5 101
12 11 100
10 1 85
9 5 199
11 3 109
6 2 129
2 10 118
2 3 61
14 8 79
10 8 138
6 11 65
5 12 100
9 5 189
12 4 85
10 7 195
14 7 121
6 7 61
8 10 168
13 5 156
4 3 146
12 4 68
7 11 61
9 1 61
8 12 167
4 2 182
14 9 54
3 1 156
9 12 131
12 5 91
8 4 157
13 4 53
11 12 159
14 7 166
14 1 197
5 8 88
10 12 96
5 13 161
9 11 176
9 1 75
6 10 166
8 4 41
1 6 80
10 13 41
12 13 196
8 12 142
14 1 110
2 12 124
14 6 99
7 4 113
4 2 107
5 10 111
12 11 167
8 9 55
9 5 163
1 5 129
10 11 130
13 6 113
11 8 97
2 1 136
9 13 142
4 1 157
4 8 127
13 12 196
14 1 78
10 13 132
8 3 92
8 2 101
9 1 132
2 11 196
11 5 113
6 5 171
12 4 50
9 6 185
3 8 190
6 4 176
6 1 69
3 5 114
5 7 77
10 3 169
5 11 160
2 3 141
8 3 155
4 13 74
13 8 116
1 8 139
4 1 62
14 6 199
2 6 130
8 5 65
2 10 114
10 3 169
8 3 166
8 6 156
9 13 112
5 9 84
12 14 111
9 12 45
14 7 170
10 6 105
10 7 193
5 13 127
2 7 52
10 13 146
12 7 113
12 3 44
3 9 44
10 2 78
3 5 168
11 8 129
11 13 62
3 1 60
2 14 83
9 13 99
3 8 81
1 9 194
1 9 97
8 6 123
3 7 49
11 2 147
9 3 110
4 8 74
11 6 48
7 12 88
8 1 81
7 3 78
9 3 155
7 10 104
2 9 111
2 6 127
13 9 185
1 5 58
1 10 116
8 10 170
5 10 178
13 3 176
11 13 50
5 9 181
11 3 123
10 5 82
9 2 141
11 13 93
11 5 80
1 8 105
7 6 49
8 6 185
7 8 61
13 3 65
10 1 86
11 4 149
9 12 184
7 10 153
6 4 52
3 6 188
13 2 199
5 11 136
5 2 87
5 2 173
4 10 46
10 1 40
13 4 125
8 5 106
14 1 103
9 5 185
5 13 145
7 2 193
7 12 92
12 2 193
5 1 111
13 8 169
11 1 116
5 14 73
4 8 200
14 2 69
2 10 44
8 6 153
6 10 136
9 6 176
12 14 85
10 6 120
14 11 101
9 8 97
9 5 52
4 5 176
3 8 137
9 12 165
5 3 112
4 14 104
9 1 73
9 3 175
8 3 53
1 7 129
1 10 67
9 11 49
6 5 129
6 5 141
14 5 71
5 8 188
4 6 133
4 14 109
8 5 109
13 2 59
10 1 121
6 5 77
6 9 83
12 2 157
7 14 55
4 1 133
8 12 72
3 5 42
14 11 161
4 5 195
8 3 109
6 12 170
8 12 154
3 4 79
4 14 95
6 5 161
2 9 97
1 13 113
13 4 138
3 14 147
13 8 43
12 11 132
11 7 146
12 1 165
2 4 61
8 1 199
5 1 124
6 14 188
9 6 155
4 7 177
3 6 178
9 2 52
6 7 114
4 13 186
6 9 147
2 8 108
8 4 56
1 5 165
9 14 144
4 11 183
9 10 187
5 9 87
1 14 73
5 11 44
13 2 93
4 8 165
14 3 107
9 1 50
2 3 99
10 9 68
6 7 72
9 1 184
1 2 200
9 1 91
2 8 92
9 2 49
8 4 186
7 14 133
12 7 80
2 8 196
9 7 133
6 4 108
7 9 126
13 5 104
1 4 59
13 1 175
2 7 136
14 10 114
4 12 92
4 14 122
14 11 90
1 12 106
8 13 105
2 5 63
6 4 74
12 3 184
8 14 130
13 5 92
7 1 165
4 5 99
1 11 180
10 4 140
14 9 101
13 9 176
1 13 106
3 12 186
11 6 153
9 5 153
1 8 127
10 13 192
9 13 58
1 8 158
6 2 88
8 11 142
1 3 107
13 1 62
11 8 161
10 9 41
14 2 98
11 3 198
1 12 178
11 8 134
8 1 49
9 13 148
10 12 146
5 14 79
11 4 176
13 5 190
9 2 99
4 1 183
9 5 200
14 10 156
8 4 155
2 4 72
11 12 43
7 6 94
11 6 148
1 5 195
6 9 130
14 2 182
3 4 153
9 14 133
3 2 63
9 6 66
12 6 161
9 13 73
2 1 52
6 9 177
14 11 190
4 11 151
11 5 122
9 14 67
11 5 141
2 8 196
9 2 72
1 4 77
2 14 122
4 6 104
7 9 40
11 10 125
14 5 168
1 2 92
1 3 111
10 11 114
14 7 185
9 8 176
10 9 145
5 3 56
5 8 199
10 13 179
14 7 180
5 9 179
2 6 64
11 5 171
10 13 161
6 4 94
7 1 142
3 10 129
5 6 63
7 6 172
12 7 42
3 6 155
4 10 86
3 6 184
6 10 80
9 3 57
4 1 65
10 11 169
13 9 42
8 9 111
3 14 174
9 5 54
12 11 192
6 3 93
8 3 58
12 3 120
13 11 130
7 13 185
8 13 133
10 7 75
3 13 60
7 9 158
1 12 99
13 4 200
12 10 127
12 9 165
12 7 180
3 7 45
4 10 167
10 4 116
4 3 83
5 9 69
5 4 186
1 9 47
8 12 140
13 11 130
6 5 139
6 3 170
10 13 172
1 2 122
12 14 196
5 11 74
14 6 95
11 12 135
8 1 161
9 4 154
5 1 175
8 10 167
13 9 86
13 6 64
10 14 71
7 9 47
9 7 49
1 12 135
10 9 193
7 12 120
3 10 187
6 1 76
13 5 44
7 13 92
1 8 93
14 11 93
6 9 194
3 12 156
3 5 108
4 12 167
9 2 147
10 5 149
6 3 156
13 8 71
3 6 177
13 6 152
2 6 188
6 4 76
13 8 169
7 14 61
10 14 57
3 10 140
12 14 110
1 4 133
4 10 49
2 5 144
8 6 163
10 13 93
12 2 65
10 1 60
12 11 192
4 8 166
9 8 157
7 4 94
11 6 121
4 5 112
4 13 134
9 4 56
7 10 162
8 3 191
4 14 150
10 11 133
13 6 79
13 10 177
9 1 188
8 11 94
5 10 109
4 14 152
5 1 131
4 3 112
9 5 87
3 11 54
7 2 132
5 11 154
6 4 119
8 1 180
5 14 193
3 1 79
4 11 76
4 5 185
2 6 175
14 6 198
11 9 140
4 3 142
10 7 192
4 10 91
14 4 190
2 4 190
13 11 42
10 13 133
2 3 45
5 7 69
14 9 40
10 2 200
12 7 134
8 3 134
7 8 114
14 11 72
3 9 141
9 13 80
2 8 172
12 7 128
10 14 55
1 2 141
5 12 88
7 5 174
1 4 67
3 7 157
11 2 191
9 14 93
1 7 63
3 9 145
1 2 42
11 1 58
13 14 200
5 3 159
3 7 47
11 13 166
5 1 171
1 4 191
6 12 148
7 14 172
2 7 133
7 6 62
6 12 46
2 5 192
3 8 87
2 12 68
4 3 74
6 9 47
13 7 40
12 13 88
12 7 121
3 13 199
12 14 183
10 3 78
1 4 197
9 13 103
3 1 140
5 9 90
6 10 141
3 9 53
12 1 93
13 8 200
4 7 65
4 11 138
11 9 112
11 2 57
5 9 88
6 11 200
7 2 156
2 8 128
5 9 71
10 7 65
9 5 173
4 14 145
12 1 106
2 9 79
12 7 103
1 6 118
1 2 145
2 1 66
13 11 61
10 7 119
5 13 112
3 2 73
10 14 46
7 5 54
6 10 131
10 5 82
9 12 130
12 4 172
9 6 50
10 4 54
13 4 117
3 7 139
10 4 108
14 7 89
5 4 62
7 2 189
3 11 148
2 1 100
7 2 169
7 8 124
10 3 169
6 4 83
13 8 114
5 14 116
10 12 83
11 3 174
14 11 61
14 8 104
10 4 44
14 11 199
2 7 159
13 11 139
5 12 102
13 7 67
10 6 100
8 5 117
3 5 159
10 12 177
10 11 153
1 3 93
4 2 197
14 9 79
10 4 58
4 5 196
14 6 41
3 14 112
4 13 56
6 13 125
5 6 136
2 1 104
13 5 127
5 2 111
10 2 72
9 6 137
10 6 132
11 5 52
5 1 68
10 12 83
3 14 106
12 6 120
12 6 55
12 14 131
9 14 162
8 9 179
14 2 87
2 4 69
5 12 127
10 1 132
6 8 189
12 3 181
12 3 197
11 12 120
2 13 43
12 2 118
11 4 172
13 3 48
1 12 186
4 9 191
9 12 174
1 4 109
13 1 94
4 11 86
2 4 171
10 14 108
14 6 146
13 5 87
7 3 44
5 14 166
12 6 153
12 7 178
14 4 45
7 13 85
3 11 79
12 10 194
8 13 116
1 2 159
6 9 43
1 10 123
6 7 146
2 7 157
13 4 75
12 10 181
10 7 130
14 5 65
8 1 179
7 3 156
7 3 167
2 14 40
1 4 153
4 5 55
11 5 124
10 7 144
4 12 120
10 8 81
9 10 134
7 5 109
14 4 167
1 7 130
3 10 97
10 9 121
10 5 173
9 1 174
12 5 109
2 9 189
1 10 81
6 8 75
6 2 44
14 5 159
2 8 102
5 9 131
8 4 64
1 12 105
14 6 48
9 8 131
11 5 182
12 1 104
6 5 142
12 8 159
7 12 119
12 2 78
8 1 115
10 13 119
3 14 161
10 3 86
1 4 67
13 5 56
7 10 149
10 9 124
8 11 107
10 14 89
6 1 142
6 7 90
2 14 119
5 1 139
10 12 56
9 8 113
3 8 140
9 12 103
2 9 180
2 3 147
9 7 90
8 10 60
10 14 173
14 3 75
5 4 134
3 6 64
3 10 160
2 1 170
10 7 169
1 4 154
13 11 56
11 1 149
1 2 52
4 2 125
9 10 77
1 10 121
13 14 162
10 11 134
13 9 43
1 14 117
7 6 183
9 5 86
10 11 172
4 12 141
6 7 120
5 10 190
9 11 99
8 14 112
7 8 46
10 3 42
8 10 142
13 10 59
7 9 144
1 4 67
8 10 147
4 13 76
10 12 157
9 13 54
14 3 124
11 5 70
10 12 149
8 3 119
12 3 124
5 8 155
10 1 122
1 13 174
12 6 64
10 14 55
1 11 114
12 3 58
5 9 149
14 11 84
6 4 141
1 3 72
7 12 102
11 9 65
7 6 55
5 6 63
4 12 95
4 11 138
10 1 150
7 9 134
11 5 188
8 5 78
2 5 170
13 14 92
8 5 178
12 9 155
1 3 121
8 4 152
1 5 107
2 13 196
5 8 167
13 12 41
1 10 126
8 1 77
14 1 49
5 2 142
12 4 109
9 11 191
4 6 199
13 4 75
14 9 121
11 1 48
12 9 198
9 5 53
9 5 67
1 10 79
5 6 48
3 4 50
1 2 51
5 9 100
11 13 136
6 4 61
14 1 181
12 7 95
6 8 183
4 7 173
11 13 120
12 14 167
8 4 122
1 9 139
9 8 177
4 2 49
10 4 107
2 1 59
4 1 157
8 11 172
2 3 155
1 6 119
3 7 51
6 4 52
13 3 194
14 5 50
8 13 72
5 14 174
4 1 73
2 12 186
7 1 90
4 10 186
4 13 50
14 8 194
8 13 74
2 7 180
7 9 52
1 12 42
2 9 140
5 13 165
4 13 57
2 11 146
14 3 43
7 2 54
3 14 86
12 4 157
5 10 103
14 8 121
3 13 83
8 14 83
5 8 100
10 4 194
6 8 138
13 3 54
9 6 189
14 10 139
1 9 44
3 4 194
12 1 89
4 2 137
13 1 162
7 2 54
11 6 173
11 3 174
14 2 190
1 14 144
9 5 75
3 6 181
9 6 174
2 10 100
9 13 137
9 14 123
14 13 159
11 7 104
13 14 192
1 3 124
1 2 137
10 9 51
5 2 159
1 10 181
12 4 43
14 11 105
7 14 133
11 2 151
2 9 120
8 5 177
3 13 75
5 12 131
2 3 141
11 9 168
11 13 109
5 7 98
14 5 79
13 5 52
2 7 110
2 9 61
7 4 192
7 5 115
3 1 154
6 13 116
7 13 153
1 8 106
8 4 128
1 2 164
2 5 185
1 5 71
1 12 163
12 11 59
1 3 64
6 9 84
9 2 52
3 8 175
3 1 192
9 3 78
3 12 55
10 4 179
11 13 139
7 11 41
2 3 191
2 10 46
3 10 177
7 11 84
14 2 93
4 11 98
3 13 192
1 6 59
4 13 184
13 1 194
4 7 196
4 2 64
7 6 108
7 1 45
14 8 186
5 13 165
13 6 115
7 10 55
2 7 81
4 14 50
9 5 62
14 5 78
1 2 89
10 12 130
8 13 111
9 5 56
4 10 165
9 4 116
12 11 63
8 11 174
13 3 72
7 3 156
12 8 73
12 4 155
7 14 141
6 5 100
3 7 59
14 9 110
8 10 165
8 7 57
7 6 44
14 4 159
11 8 67
3 1 136
7 9 156
9 6 59
8 2 53
10 7 120
2 5 94
11 10 182
6 13 79
10 4 65
5 1 76
14 4 139
7 5 136
2 8 63
8 12 155
13 14 114
13 7 181
2 9 115
11 7 153
12 1 195
9 1 197
6 8 128
12 7 181
1 5 91
7 10 99
4 11 186
13 1 129
3 6 77
5 10 134
1 3 119
2 5 54
4 9 75
3 2 187
6 2 128
4 2 92
14 13 167
6 14 78
12 1 194
14 11 137
8 7 80
7 10 199
4 5 54
6 13 108
4 12 178
9 2 80
8 13 146
9 2 46
5 1 188
1 9 110
1 4 60
7 2 110
8 11 197
8 9 163
11 7 144
13 4 97
14 3 55
2 3 137
13 9 178
11 8 40
7 8 102
9 11 68
6 14 190
7 11 186
2 8 94
3 8 53
9 2 137
7 5 162
10 7 110
7 13 155
2 9 114
1 9 141
3 11 167
8 4 71
1 3 196
9 14 56
13 3 66
3 2 98
2 10 128
3 13 147
6 7 57
7 10 157
9 6 168
14 11 41
13 10 182
6 2 200
1 10 145
7 6 112
6 2 46
9 11 81
10 8 183
7 11 147
2 13 131
14 12 50
6 9 187
10 14 110
13 2 72
11 4 99
7 3 160
13 2 165
7 9 97
9 12 113
7 9 130
8 11 111
2 14 157
2 12 156
4 5 133
13 3 121
4 11 167
5 7 84
6 4 79
14 3 186
3 10 144
8 1 43
2 10 164
10 14 87
8 10 192
14 3 191
3 1 83
11 9 90
12 9 83
13 3 172
2 1 41
13 1 147
4 2 97
9 7 186
8 3 121
9 3 94
9 10 66
11 6 103
4 14 61
1 5 91
3 7 111
1 12 127
8 7 119
8 11 191
7 2 190
11 12 169
5 11 116
7 6 68
13 7 137
2 9 71
1 14 123
10 9 90
6 4 78
1 5 128
1 9 116
12 3 194
13 10 64
1 3 124
2 8 197
3 2 155
8 9 182
5 1 63
3 11 184
12 4 108
10 14 75
8 11 181
14 1 130
3 6 92
12 6 140
12 14 69
11 12 149
1 2 85
13 7 199
13 8 197
3 5 49
7 5 187
10 12 81
6 1 180
2 8 161
1 7 60
14 10 153
1 7 127
12 9 192
13 2 170
4 13 148
10 12 125
8 13 59
3 11 113
6 11 193
9 14 142
13 4 56
6 11 190
5 8 128
9 3 107
2 4 200
12 2 128
10 12 186
5 11 118
13 14 43
8 11 196
4 14 186
11 8 200
13 6 157
13 2 45
1 3 43
3 14 164
6 5 149
13 12 118
1 7 135
5 4 133
6 1 81
10 2 60
11 8 174
4 1 145
10 2 124
2 7 154
3 9 152
12 3 78
13 12 135
14 12 104
10 4 67
5 6 162
10 12 100
13 10 132
11 8 168
8 10 193
12 3 160
6 12 104
3 1 142
6 3 182
3 12 43
8 14 136
10 13 75
1 12 45
9 3 168
3 9 191
4 13 101
4 13 179
8 1 60
12 6 91
5 6 70
10 5 194
11 6 176
10 5 181
7 6 100
6 2 110
5 6 56
5 1 182
10 3 196
13 11 120
5 8 168
5 13 55
5 11 182
2 1 71
7 4 188
7 2 125
9 6 57
4 8 169
5 13 49
13 7 115
14 13 118
2 13 40
5 1 63
7 5 78
3 5 82
10 5 133
4 10 123
1 4 110
10 14 164
11 9 164
9 4 86
5 2 106
12 11 55
4 2 146
12 9 92
7 5 181
10 5 89
13 14 51
14 2 150
2 13 43
4 14 176
13 11 174
11 10 86
13 1 152
12 4 56
2 12 185
4 1 119
11 5 136
2 9 180
4 5 127
6 4 118
6 8 55
3 6 146
3 8 200
2 1 119
7 3 98
11 6 186
3 14 56
5 2 71
5 10 78
5 3 129
7 14 110
4 14 75
4 6 200
8 9 52
13 7 104
10 14 149
10 9 159
8 14 137
10 13 101
8 6 109
4 14 197
5 14 167
9 12 112
2 8 155
8 6 169
14 9 52
3 14 123
10 7 55
9 3 104
8 7 69
4 8 130
13 5 144
4 6 169
9 4 56
14 2 70
12 7 115
6 8 152
8 7 177
2 9 66
8 13 146
2 8 184
9 2 106
2 12 142
9 6 144
2 9 192
9 4 147
11 3 67
4 3 140
4 12 103
3 6 180
4 6 182
7 4 129
13 4 67
5 8 172
1 6 119
1 9 133
7 2 88
1 4 200
3 13 45
4 11 184
10 12 192
6 14 110
5 10 190
9 14 105
5 1 179
2 4 75
11 5 101
8 5 177
14 6 149
1 14 125
9 11 197
13 14 162
5 1 151
11 3 97
7 12 171
7 10 135
1 2 75
8 14 155
1 9 194
14 13 71
3 2 90
6 4 90
14 2 85
12 11 129
10 12 50
4 7 89
2 4 183
6 5 144
11 14 47
1 10 165
1 14 72
6 7 57
7 5 97
7 10 148
2 7 165
9 6 182
1 11 163
11 14 126
14 8 176
14 7 162
12 14 111
14 6 67
9 14 118
10 13 139
7 6 53
13 8 88
12 11 136
5 8 199
10 7 160
4 2 154
12 11 56
12 6 83
10 8 41
7 11 173
2 9 156
3 4 199
12 9 171
10 9 144
14 13 151
5 2 123
11 1 67
6 14 190
3 9 135
5 6 94
2 8 91
11 9 155
6 13 184
1 6 87
2 6 179
1 14 137
7 11 129
9 3 170
7 11 105
3 8 147
1 5 111
2 13 75
6 14 68
8 5 184
7 12 98
8 11 149
12 13 46
4 11 118
8 9 75
5 12 196
13 14 144
6 7 50
5 12 199
5 1 187
7 14 156
8 13 49
5 3 64
1 14 152
1 12 115
4 12 80
14 8 186
11 8 70
8 14 100
11 5 58
10 14 107
12 6 187
3 7 79
9 10 146
12 1 149
10 13 82
5 12 120
3 4 150
10 9 200
7 4 145
5 9 167
11 9 112
3 10 193
13 4 150
1 12 109
14 6 134
10 6 117
5 4 163
14 13 84
4 6 172
3 12 198
12 4 107
7 5 55
1 3 120
6 9 47
13 2 68
9 10 162
14 7 50
5 13 46
9 12 47
1 5 83
9 8 158
13 8 40
4 1 149
7 4 135
13 1 130
6 1 150
11 12 79
6 11 60
1 10 169
13 9 61
11 9 157
12 14 107
7 10 177
2 10 52
2 8 117
12 8 147
5 4 196
12 7 91
1 13 185
13 10 165
3 7 167
8 7 49
12 9 159
5 11 180
8 10 115
4 6 42
1 7 127
7 2 85
11 5 145
6 5 56
6 7 168
12 8 177
4 9 130
6 2 87
14 9 183
6 8 135
9 2 162
5 4 64
12 4 51
2 6 54
5 8 145
10 5 53
4 13 88
5 6 135
4 14 158
12 10 130
5 2 113
9 6 190
14 1 111
10 8 138
12 5 130
9 8 177
2 8 43
13 1 192
6 3 55
4 2 120
5 8 128
6 4 68
1 11 121
11 4 71
6 10 197
1 9 84
7 2 101
13 10 196
10 6 130
6 5 97
2 8 171
7 2 132
5 13 95
4 11 84
8 13 190
14 9 51
6 11 187
14 11 124
12 2 162
6 12 46
14 6 125
5 10 157
8 7 138
8 5 181
12 14 124
10 3 177
2 5 168
7 1 132
11 2 166
8 13 198
5 11 73
10 2 133
12 11 153
1 7 58
6 10 196
8 14 66
2 13 124
11 1 73
2 11 172
2 10 173
2 6 149
14 4 179
2 11 99
5 4 114
6 14 66
11 12 136
7 10 49
5 14 122
6 13 126
2 3 152
1 6 91
3 9 135
14 1 72
11 3 189
1 10 85
14 10 120
5 8 41
9 3 67
8 14 141
8 13 200
5 11 191
7 5 135
14 7 194
10 14 191
3 12 114
8 12 126
5 3 96
12 6 41
12 4 165
3 8 85
11 7 69
4 9 169
5 2 79
2 7 198
9 11 160
10 4 133
12 1 74
12 9 149
4 10 44
8 13 70
14 5 140
7 6 93
6 4 118
2 12 189
7 10 113
1 13 46
6 8 200
1 11 118
12 13 200
13 5 106
6 2 147
5 11 198
2 7 142
2 4 198
14 5 73
5 7 186
6 11 86
5 1 187
4 7 167
4 11 164
9 11 122
1 9 67
3 8 42
1 7 66
12 2 77
5 6 58
10 8 97
10 2 110
8 9 163
10 5 131
6 4 190
8 9 147
3 10 188
9 13 117
7 2 58
7 14 142
1 5 192
3 11 174
8 14 159
11 13 195
13 4 49
3 1 164
5 9 177
6 8 69
3 4 191
12 6 67
13 5 68
14 3 189
4 2 81
2 9 44
5 14 88
10 6 61
5 12 140
14 7 174
1 12 112
13 10 85
4 3 99
13 11 63
2 13 148
14 2 119
7 1 93
4 14 45
6 10 193
10 6 57
7 13 146
10 13 182
6 12 188
7 9 188
6 4 173
4 8 139
4 6 101
2 9 145
7 5 67
4 6 131
11 9 57
2 6 86
1 11 78
1 2 73
13 4 55
10 9 95
4 5 97
10 11 41
4 13 162
10 9 194
8 2 182
7 5 161
12 13 54
8 5 134
3 4 55
5 9 64
1 11 149
11 3 59
3 1 61
3 1 46
8 6 200
3 11 159
7 5 105
13 10 42
4 9 189
7 2 155
11 14 47
7 4 47
13 11 174
3 6 81
5 4 72
8 2 71
6 11 88
13 11 93
1 9 58
1 14 124
9 11 91
7 2 170
6 11 107
9 5 105
5 3 199
5 1 188
14 8 130
4 7 75
4 14 171
1 5 101
14 3 66
8 1 99
14 7 152
3 13 47
9 5 75
10 6 104
4 13 188
4 9 72
10 13 160
4 6 107
2 8 140
3 6 98
13 7 147
7 1 119
10 11 103
11 9 133
6 1 105
9 14 111
8 1 122
4 7 188
4 6 120
4 1 88
12 2 171
8 1 121
10 13 152
1 12 45
10 11 85
13 10 166
6 13 154
1 2 127
4 11 142
13 11 73
3 11 60
7 2 121
3 11 93
12 14 196
4 5 148
3 14 94
5 2 164
9 2 71
5 12 61
3 6 94
12 9 179
1 10 126
4 12 172
7 14 113
8 7 43
13 4 61
5 8 173
13 11 67
5 9 157
5 7 66
7 2 143
6 3 87
1 8 130
11 10 191
8 12 131
13 3 137
9 3 149
4 13 163
1 3 41
12 7 199
7 2 74
5 11 65
1 11 59
9 4 109
8 1 146
3 11 125
13 1 143
5 10 113
1 13 190
8 14 105
13 10 67
3 13 154
6 10 91
3 10 80
7 4 97
11 7 139
5 2 175
13 2 138
8 1 110
13 10 58
5 8 168
12 6 159
14 11 43
13 5 51
2 8 187
1 7 151
13 7 77
12 11 146
12 7 144
2 9 42
13 8 143
9 2 143
9 14 147
7 1 124
11 6 135
8 3 86
2 6 135
7 10 161
9 11 107
7 4 174
2 6 172
10 11 154
14 6 130
7 3 89
5 10 123
9 1 80
13 14 92
9 10 136
9 6 68
3 6 42
5 14 44
4 6 165
1 8 163
14 11 161
8 10 122
4 14 53
14 7 138
11 4 103
2 4 118
12 6 104
5 2 151
7 8 40
11 9 167
10 2 169
8 9 42
9 10 107
7 6 199
2 13 95
6 13 125
4 11 109
3 4 119
6 5 84
11 2 169
5 10 46
10 13 49
11 12 129
1 11 148
5 8 113
12 1 124
13 8 55
1 2 75
6 1 174
12 13 148
13 2 54
5 3 200
11 10 164
5 3 51
8 10 136
3 11 198
12 13 51
11 12 125
5 8 43
12 1 186
12 8 42
9 11 45
4 11 164
13 7 198
10 9 84
10 12 52
12 14 199
7 5 113
11 14 72
10 3 92
4 5 114
2 8 84
1 9 108
5 7 128
2 4 57
3 10 127
14 9 155
4 14 169
1 13 145
8 5 54
6 12 198
5 14 106
2 9 63
14 10 79
5 6 119
5 7 116
12 5 194
13 8 48
10 1 197
14 3 40
12 5 55
6 13 181
13 3 81
2 9 88
9 3 85
8 3 177
12 4 161
10 3 200
8 4 100
8 7 64
10 9 69
8 14 85
9 11 50
13 8 125
10 7 129
8 2 83
9 8 190
13 8 158
2 14 108
2 14 131
10 4 151
9 14 156
11 8 111
5 7 147
5 10 121
5 2 180
12 14 141
8 14 140
7 1 79
2 7 68
2 6 155
13 11 93
8 4 67
3 13 57
3 12 136
12 2 67
5 4 167
10 14 59
7 8 75
4 3 180
1 7 50
9 10 92
1 3 178
5 12 138
13 4 194
13 7 134
11 6 59
1 14 151
11 10 85
1 10 188
6 13 41
10 12 178
10 8 123
3 5 148
9 11 66
11 5 175
5 8 174
1 9 126
13 14 118
8 4 41
10 3 76
9 10 51
11 9 51
8 14 43
6 10 51
1 9 120
11 4 78
14 3 100
14 12 157
9 6 65
13 11 98
10 5 63
5 2 74
1 6 154
9 7 171
6 2 145
4 14 191
1 3 108
7 9 120
10 8 65
13 14 156
13 2 159
10 1 188
2 5 148
14 1 119
6 1 141
9 6 168
11 10 107
2 6 110
4 11 181
1 8 134
6 12 88
11 7 174
2 14 131
2 1 44
8 12 140
3 4 144
8 2 112
6 1 87
11 5 119
11 10 62
6 8 199
12 6 171
6 10 78
4 1 128
12 4 152
11 5 91
6 4 130
3 6 43
1 3 72
4 8 128
14 3 177
8 1 82
10 4 143
8 12 106
9 2 179
4 5 147
7 5 131
8 14 117
12 3 52
7 11 152
3 6 110
13 5 178
8 12 166
1 6 110
3 8 104
2 6 113
13 9 71
11 10 95
6 7 126
14 6 70
10 14 142
6 1 135
10 1 64
7 6 86
14 6 62
1 8 103
3 7 135
7 11 61
12 8 40
14 3 164
4 8 105
5 2 81
12 9 146
8 5 55
5 9 115
4 10 196
12 13 174
4 14 176
11 7 177
1 11 115
14 12 197
4 5 94
4 13 147
3 2 48
9 6 43
8 12 162
12 7 95
8 3 58
7 11 57
8 12 186
6 2 145
13 6 113
1 11 169
12 9 69
2 5 157
3 12 66
2 6 171
14 5 133
6 14 95
10 1 117
6 3 130
14 12 145
13 11 66
8 2 110
6 14 179
4 1 173
9 4 126
7 3 92
12 4 100
11 1 75
10 13 84
2 6 174
10 12 87
5 14 165
11 12 105
3 12 44
12 14 114
8 3 88
3 11 94
2 1 178
13 6 110
1 11 96
11 10 118
2 1 109
12 1 55
4 14 99
4 9 123
10 12 54
1 9 157
1 10 89
11 2 80
9 5 110
13 10 68
1 11 40
10 1 109
9 3 101
1 10 85
5 6 193
13 14 60
10 9 174
5 4 44
5 1 85
2 9 41
1 7 66
13 10 194
6 11 185
3 5 83
10 5 196
9 13 89
9 5 133
12 13 144
14 1 80
6 3 191
11 9 89
14 12 64
7 11 180
11 9 175
13 12 186
1 13 138
9 14 66
3 2 142
11 1 47
11 3 126
9 1 83
8 11 187
12 7 99
3 10 135
7 12 113
2 9 170
8 13 126
9 13 111
14 6 124
1 5 167